4294967279,96
4294967279,95
4294967279,94
4294967279,93
4294967279,92
4294967279,91
4294967279,90
4294967279,89
4294967279,111
4294967279,110
4294967279,109
4294967279,108
4294967279,107
4294967279,106
4294967279,105
4294967279,104
4294967279,103
4294967279,102
4294967279,101
4294967279,100
4294967279,99
4294967279,98
4294967279,97
4294967279,532
4294967278,174
4294967278,88
4294967278,37
4294967278,36
4294967278,35
4294967278,34
4294967278,32
4294967278,31
4294967278,30
4294967278,29
4294967278,25
4294967278,23
4294967278,22
4294967278,21
4294967278,20
4294967278,19
4294967278,18
4294967278,17
4294967278,16
4294967278,15
4294967278,271
4294967278,14
4294967278,13
4294967278,12
4294967278,11
4294967278,10
4294967278,9
4294967278,8
4294967278,7
4294967278,6
4294967278,5
4294967278,4
4294967279,132
4294967279,131
4294967279,130
4294967279,129
4294967279,128
4294967279,127
4294967279,126
4294967279,125
4294967279,124
4294967279,123
4294967279,122
4294967279,121
4294967279,120
4294967279,119
4294967279,118
4294967279,117
4294967279,116
4294967279,115
4294967279,114
4294967279,113
4294967279,112
4294967279,13
4294967279,11
4294967279,10
4294967279,531
4294967294,198
4294967294,185
4294967294,173
4294967294,1005
4294967278,352
4294967278,351
4294967279,530
28,5
28,4
28,3
28,2
28,1
4294967278,350
4294967278,349
4294967279,529
4294967278,348
4294967278,347
4294967278,346
4294967278,345
4294967278,185
4294967278,344
4294967279,528
4294967279,527
4294967278,181
4294967279,526
4294967278,343
4294967279,525
4294967278,342
4294967278,176
4294967278,175
4294967279,524
4294967279,523
4294967294,392
4294967278,341
4294967279,522
4294967278,340
4294967278,162
4294967278,161
4294967279,521
4294967278,160
4294967278,158
4294967278,155
24,6
4294967278,157
24,5
24,4
4294967278,156
24,3
24,2
24,1
4294967278,339
4294967278,338
4294967279,520
4294967278,337
4294967279,519
4294967278,151
4294967278,38
4294967278,150
4294967278,149
4294967278,148
4294967278,145
4294967278,147
4294967278,146
4294967278,336
4294967278,33
4294967278,144
4294967278,143
4294967278,142
4294967278,141
4294967278,335
4294967278,28
4294967279,19
4294967294,387
4294967279,518
4294967278,334
4294967278,27
4294967279,517
4294967278,333
4294967278,26
4294967278,277
4294967278,24
4294967278,136
4294967278,135
4294967278,134
4294967278,272
4294967278,133
21,6
4294967279,271
21,5
4294967278,276
21,4
4294967279,270
21,3
21,2
21,1
4294967279,267
4294967279,18
4294967279,266
4294967279,516
4294967279,17
4294967279,278
4294967279,265
4294967279,264
4294967279,515
4294967279,263
4294967279,262
4294967279,258
4294967279,261
4294967279,275
4294967279,514
4294967278,332
4294967279,257
4294967279,256
4294967278,331
4294967279,255
4294967294,409
4294967294,395
4294967294,413
4294967294,407
4294967294,179
4294967294,420
4294967294,178
4294967294,385
4294967294,406
4294967294,414
4294967294,415
4294967294,1014
4294967294,109
4294967294,455
4294967294,180
4294967294,459
4294967294,112
4294967279,254
4294967279,513
4294967294,389
4294967294,114
4294967278,258
4294967278,330
4294967279,512
4294967278,329
4294967279,319
4294967278,328
4294967279,318
4294967278,327
4294967279,317
4294967278,326
4294967278,325
18,5
4294967279,316
18,4
4294967278,324
18,3
18,2
18,1
4294967278,323
4294967279,315
4294967278,322
4294967279,314
4294967278,321
4294967279,313
4294967278,252
4294967278,250
4294967279,312
4294967278,248
4294967278,249
4294967278,246
4294967278,244
4294967278,242
4294967278,240
4294967279,311
4294967278,238
4294967294,29
4294967278,320
4294967279,310
4294967294,424
4294967278,234
4294967278,235
4294967278,232
4294967294,37
4294967294,36
4294967294,42
4294967294,40
4294967294,39
4294967294,45
4294967294,427
4294967278,230
4294967278,231
4294967278,228
4294967278,224
4294967278,222
4294967278,220
4294967294,76
4294967294,51
4294967294,52
4294967294,107
4294967278,216
4294967278,214
4294967278,319
4294967279,309
4294967294,85
4294967294,82
4294967278,213
4294967294,99
4294967279,308
4294967294,92
4294967294,90
4294967294,88
4294967294,86
4294967278,318
4294967279,307
4294967278,210
4294967278,317
4294967279,306
4294967278,209
4294967294,1007
4294967294,162
4294967294,1012
4294967278,208
4294967278,316
4294967279,305
4294967278,207
4294967278,205
4294967278,202
14,6
4294967278,204
14,5
14,4
4294967278,203
14,3
14,2
14,1
4294967278,315
4294967278,314
4294967294,5
4294967294,390
4294967294,120
4294967294,89
4294967279,304
4294967278,313
4294967279,303
4294967278,312
4294967278,198
4294967294,472
4294967294,419
4294967279,302
4294967278,197
4294967278,311
4294967278,196
4294967278,195
4294967278,192
4294967278,194
4294967278,193
4294967278,310
4294967278,191
4294967278,190
4294967279,301
4294967279,260
4294967278,189
4294967278,188
4294967294,205
